%YAML:1.0
R: !!opencv-matrix
   rows: 3
   cols: 3
   dt: d
   data: [ 9.9956227619699756e-01, 1.2591810006786393e-02,
       2.6771296655747626e-02, -1.1688565910469146e-02,
       9.9936592684890801e-01, -3.3632152479133558e-02,
       -2.7177811369454834e-02, 3.3304512819977795e-02,
       9.9907566079601307e-01 ]
T: !!opencv-matrix
   rows: 3
   cols: 1
   dt: d
   data: [ -1.6653619817630059e+00, -9.1112904901326772e-02,
       2.2335378445187230e-02 ]
R1: !!opencv-matrix
   rows: 3
   cols: 3
   dt: d
   data: [ 9.9770562283426711e-01, 6.6715255525350625e-02,
       1.1513680778731385e-02, -6.6507954136764344e-02,
       9.9763179194099538e-01, -1.7535670649875556e-02,
       -1.2656310735337201e-02, 1.6729685854373465e-02,
       9.9977994349245913e-01 ]
R2: !!opencv-matrix
   rows: 3
   cols: 3
   dt: d
   data: [ 9.9841720532061962e-01, 5.4623975373764386e-02,
       -1.3390497904494418e-02, -5.4386304682325248e-02,
       9.9836636536166823e-01, 1.7513719694384922e-02,
       1.4325291716582242e-02, -1.6757739373154602e-02,
       9.9975695255813879e-01 ]
P1: !!opencv-matrix
   rows: 3
   cols: 4
   dt: d
   data: [ 1.1265980958487735e+03, 0., 3.3056922721862793e+02, 0., 0.,
       1.1265980958487735e+03, 2.0870268917083740e+02, 0., 0., 0., 1.,
       0. ]
P2: !!opencv-matrix
   rows: 3
   cols: 4
   dt: d
   data: [ 1.1265980958487735e+03, 0., 3.3056922721862793e+02,
       -1.8791679746250413e+03, 0., 1.1265980958487735e+03,
       2.0870268917083740e+02, 0., 0., 0., 1., 0. ]
Q: !!opencv-matrix
   rows: 4
   cols: 4
   dt: d
   data: [ 1., 0., 0., -3.3056922721862793e+02, 0., 1., 0.,
       -2.0870268917083740e+02, 0., 0., 0., 1.1265980958487735e+03, 0.,
       0., 5.9951963372171058e-01, 0. ]